41,1
41,3
72,1
72,3
3,2
3,1
3,3
10,81
10,103
10,129
10,267
10,173
10,191
10,69
10,219
10,2
10,3
11,10
11,14
11,8
11,7
11,15
11,2
11,3
9,7
9,2
9,3
8,7
8,18
8,11
8,9
8,10
8,2
8,3
12,2
12,1
12,3
20,2
20,1
20,3
19,2
19,1
19,3
105,187
105,3
105,1
93,75
93,3
93,1
69,452
69,3
69,1
68,3
68,1
67,3
67,1
66,3
66,1
65,3
65,1
64,3
64,1
63,3
63,1
62,3
62,1
61,3
61,1
60,3
60,1
59,3
59,1
58,3
58,1
57,83
57,3
57,1
56,114
56,3
56,1
55,173
55,3
55,1
54,3
54,1
53,126
53,3
53,1
52,3
52,1
51,3
51,1
50,3
50,1
38,3
38,1
37,8
37,3
37,1
36,8
36,3
36,1
